1 2
1 3
1 4
1 5
1 6
1 7
1 8
1 9
1 10
1 11
1 12
1 13
1 14
1 15
1 16
1 17
2 1
2 3
2 4
2 8
2 13
2 14
2 15
2 16
2 18
3 1
3 2
3 4
3 8
3 9
3 19
3 13
3 20
3 21
3 22
4 1
4 2
4 3
4 8
4 12
4 13
5 1
5 7
5 10
6 1
6 7
6 10
6 23
7 1
7 5
7 6
7 23
8 1
8 2
8 3
8 4
9 1
9 3
9 18
9 22
9 24
10 1
10 5
10 6
11 1
12 1
12 4
13 1
13 2
13 3
13 4
13 24
14 1
14 2
15 1
15 2
15 24
16 1
16 2
17 1
17 33
17 31
17 21
17 22
17 24
18 2
18 9
18 22
18 24
19 3
19 24
20 3
20 30
20 33
20 24
21 3
21 17
21 24
22 3
22 9
22 17
22 18
22 25
22 26
22 27
22 28
22 29
22 30
22 32
22 24
23 6
23 7
24 9
24 13
24 15
24 17
24 18
24 19
24 20
24 21
24 22
24 25
24 26
24 27
24 28
24 29
24 30
24 34
24 32
25 22
25 24
26 22
26 24
27 22
27 24
28 22
28 24
29 22
29 24
30 20
30 22
30 24
30 31
30 32
31 17
31 30
31 33
32 22
32 24
32 30
32 34
33 17
33 20
33 31
34 24
34 32
